ASC_beach = -6.507050139422219
ASC_boat = -4.476301497697974
ASC_pier = -2.6156785217095244
B_catch_beach = 4.4897593580575865
B_catch_boat = 2.3153158187433878
B_catch_charter = 0.7098675143100001
B_catch_pier = 4.3890390683545215
B_log_income_beach = 0.33286472676997075
B_log_income_boat = 0.12511090139205402
B_log_income_charter = -0.3799669464207641
B_log_income_pier = -0.07800868174212021
B_price_beach = -0.034704376421507734
B_price_boat = -0.01982110319561638
B_price_charter = -0.015772213004191186
B_price_pier = -0.03605833499236018
MU_public = 1.1156668753739236
